[[[ 27.490753  27.072704  27.281729]
  [ 16.080675  14.063138  15.063138]
  [ 15.951371  16.094229  14.165656]
  ...
  [156.9044   159.04735  158.04735 ]
  [157.3729   159.3729   158.3729  ]
  [154.20909  158.20909  159.20909 ]]

 [[ 19.000797  15.497767  16.660873]
  [ 31.253344  30.232298  28.37436 ]
  [ 14.996175  15.001436  15.281092]
  ...
  [159.06532  160.34813  162.07147 ]
  [158.62183  160.78264  162.23085 ]
  [156.34589  160.1407   161.16699 ]]

 [[ 19.211735  18.984852  18.664223]
  [ 24.419962  25.438778  21.635523]
  [ 16.080988  14.302767  14.509721]
  ...
  [158.86583  162.99123  163.92853 ]
  [160.25069  162.5588   163.87723 ]
  [156.94992  160.09645  161.38094 ]]

 ...

 [[130.35214  131.97368  125.417305]
  [129.74062  130.26442  122.22056 ]
  [123.819565 124.12782  121.50879 ]
  ...
  [ 97.79436   99.79436   96.79436 ]
  [ 95.6955    97.6955    94.06898 ]
  [ 95.652916  96.652916  91.652916]]

 [[123.98948  123.13682  118.06315 ]
  [120.907524 123.04589  116.47671 ]
  [126.12483  126.71283  121.057884]
  ...
  [ 97.93292   98.075     95.9908  ]
  [ 95.12103   95.47815   92.4068  ]
  [ 94.35693   96.35693   91.35693 ]]

 [[128.20901  124.209015 113.209015]
  [121.18151  121.467224 115.82437 ]
  [126.165695 127.165695 121.165695]
  ...
  [ 96.091995  96.140625  88.35209 ]
  [ 94.045     93.75923   88.42671 ]
  [102.98947  100.038666  91.14233 ]]]